{
 "id": 1212083,
 "bug_id": 264108,
 "attachment_id": 0,
 "creation_time": "2022-05-20T22:25:45Z",
 "creator": "grahamperrin@freebsd.org",
 "text": "Through mistyping, I noticed that given an invalid property such as \n\n    creatoin\n\nbectl behaves as if no sort was specified. \n\nI imagine that bectl should, instead, fail (with an exit code?) so that no mistake can occur with scripted or unattended operations. \n\n\nroot@mowa219-gjp4-8570p-freebsd:~ # bectl list -c creatoin\nBE                        Active Mountpoint Space Created\nn255588-01235012e5b-c     -      -          70.1M 2022-05-14 13:13\nn252381-75d20a5e386-b     -      -          23.5G 2022-01-12 23:23\nn255588-01235012e5b-b-c1a -      -          306M  2022-05-15 09:19\nn255588-01235012e5b-d     -      -          15.8G 2022-05-15 00:29\nn253343-9835900cb95-c     -      -          9.32G 2022-02-27 14:58\nn254693-d7696096209-f     -      -          14.2G 2022-04-27 17:41\nn255078-e140d551b78-h     -      -          7.06M 2022-05-11 21:18\nn255588-01235012e5b-b-c1b NR     /          3.85G 2022-05-16 08:53\nn250511-5f73b3338ee-d     -      -          64.6G 2021-11-13 15:43\nn253776-d5ad1713cc3-b     -      -          14.1G 2022-03-18 09:31\nn253116-39a36707bd3-e     -      -          7.58G 2022-02-20 07:03\nn253861-92e6b4712b5-e     -      -          14.5G 2022-04-02 16:02\nn252997-b6724f7004c-c     -      -          8.10G 2022-02-11 23:07\nn255588-01235012e5b-b     -      -          9.37M 2022-05-12 23:36\nn254268-50e244964e9-d     -      -          11.0G 2022-04-09 18:50\nn252450-5efa7281a79-a     -      -          6.87G 2022-01-14 19:27\nn252505-cc68614da82-a     -      -          5.24G 2022-01-18 14:26\nn252483-c8f8299a230-b     -      -          7.85G 2022-01-17 14:24\nn255588-01235012e5b-a     -      -          19.4M 2022-05-12 22:23\nn252531-0ce7909cd0b-h     -      -          10.1G 2022-02-06 12:24\nroot@mowa219-gjp4-8570p-freebsd:~ # bectl list -c creation\nBE                        Active Mountpoint Space Created\nn250511-5f73b3338ee-d     -      -          64.6G 2021-11-13 15:43\nn252381-75d20a5e386-b     -      -          23.5G 2022-01-12 23:23\nn252450-5efa7281a79-a     -      -          6.87G 2022-01-14 19:27\nn252483-c8f8299a230-b     -      -          7.85G 2022-01-17 14:24\nn252505-cc68614da82-a     -      -          5.24G 2022-01-18 14:26\nn252531-0ce7909cd0b-h     -      -          10.1G 2022-02-06 12:24\nn252997-b6724f7004c-c     -      -          8.10G 2022-02-11 23:07\nn253116-39a36707bd3-e     -      -          7.58G 2022-02-20 07:03\nn253343-9835900cb95-c     -      -          9.32G 2022-02-27 14:58\nn253776-d5ad1713cc3-b     -      -          14.1G 2022-03-18 09:31\nn253861-92e6b4712b5-e     -      -          14.5G 2022-04-02 16:02\nn254268-50e244964e9-d     -      -          11.0G 2022-04-09 18:50\nn254693-d7696096209-f     -      -          14.2G 2022-04-27 17:41\nn255078-e140d551b78-h     -      -          7.06M 2022-05-11 21:18\nn255588-01235012e5b-a     -      -          19.4M 2022-05-12 22:23\nn255588-01235012e5b-b     -      -          9.37M 2022-05-12 23:36\nn255588-01235012e5b-c     -      -          70.1M 2022-05-14 13:13\nn255588-01235012e5b-d     -      -          15.8G 2022-05-15 00:29\nn255588-01235012e5b-b-c1a -      -          306M  2022-05-15 09:19\nn255588-01235012e5b-b-c1b NR     /          3.85G 2022-05-16 08:53\nroot@mowa219-gjp4-8570p-freebsd:~ # man bectl\nroot@mowa219-gjp4-8570p-freebsd:~ # uname -KU\n1400058 1400058\nroot@mowa219-gjp4-8570p-freebsd:~ #"
}