{
 "id": 1115678,
 "bug_id": 248239,
 "attachment_id": 0,
 "creation_time": "2020-07-27T18:36:57Z",
 "creator": "portmaster@bsdforge.com",
 "text": "As I indicated in my last coment. I see no problem(s) here.\nFurther investigation(s)\n\n# drill -TD www.europris.no. \n...\n;; Domain: europris.no.\n;; Signature ok but no chain to a trusted key or ds record\n[S] europris.no. 3600 IN DNSKEY 256 3 13 ;{id = 14997 (zsk), size = 256b}\neuropris.no. 3600 IN DNSKEY 257 3 15 ;{id = 25323 (ksk), size = 0b}\neuropris.no. 3600 IN DNSKEY 256 3 15 ;{id = 39946 (zsk), size = 0b}\neuropris.no. 3600 IN DNSKEY 257 3 13 ;{id = 46820 (ksk), size = 256b}\n;; No DS for www.europris.no.;; No ds record for delegation\n;; Domain: www.europris.no.\n;; No DNSKEY record found for www.europris.no.\n[U] No data found for: www.europris.no. type A\n;;[S] self sig OK; [B] bogus; [T] trusted\n\n# drill -TD www.europris.no. CNAME\n...\n;; Domain: europris.no.\n;; Signature ok but no chain to a trusted key or ds record\n[S] europris.no. 3600 IN DNSKEY 256 3 13 ;{id = 14997 (zsk), size = 256b}\neuropris.no. 3600 IN DNSKEY 256 3 15 ;{id = 39946 (zsk), size = 0b}\neuropris.no. 3600 IN DNSKEY 257 3 13 ;{id = 46820 (ksk), size = 256b}\neuropris.no. 3600 IN DNSKEY 257 3 15 ;{id = 25323 (ksk), size = 0b}\n;; No DS for www.europris.no.;; No ds record for delegation\n;; Domain: www.europris.no.\n;; No DNSKEY record found for www.europris.no.\n[S] www.europris.no.\t300\tIN\tCNAME\tm2-varnish-production-1583682531.eu-west-1.elb.amazonaws.com.\n;;[S] self sig OK; [B] bogus; [T] trusted\n\nBoth return the expected outcome under the circumstances.\n\nThere is NO bug here. :-)\n\n--Chris"
}